# vtk DataFile Version 3.0
vtk output
ASCII
DATASET POLYDATA
POINTS 644 float
35.0987 64.5751 0 36.5381 64.4507 0 37.9564 64.1789 0 
39.3387 63.7623 0 40.6707 63.2046 0 41.9538 62.5532 0 
43.1662 61.7792 0 44.2964 60.8908 0 45.3336 59.8978 0 
46.2682 58.8106 0 47.09 57.6369 0 47.791 56.3883 0 
48.3643 55.077 0 48.8041 53.7158 0 49.106 52.318 0 
49.2669 50.8974 0 49.2853 49.4681 0 49.161 48.0442 0 
48.8952 46.64 0 48.4906 45.2695 0 47.9512 43.9463 0 
47.2824 42.6835 0 46.4909 41.4939 0 45.5846 40.3893 0 
44.5726 39.3807 0 43.4649 38.4782 0 42.2727 37.6907 0 
41.0078 37.0263 0 39.6829 36.4914 0 38.3112 36.0915 0 
36.9065 35.8305 0 35.4827 35.7111 0 34.0541 35.7344 0 
32.635 35.9002 0 31.2395 36.2069 0 29.8816 36.6513 0 
28.5749 37.2291 0 27.3323 37.9344 0 26.1664 38.7603 0 
25.0888 39.6985 0 24.1102 40.7395 0 23.2404 41.8731 0 
22.4882 43.0878 0 21.8609 44.3715 0 21.365 45.7115 0 
21.0053 47.0943 0 20.7855 48.506 0 20.7076 49.9327 0 
20.7727 51.36 0 20.9798 52.7737 0 21.3271 54.1596 0 
21.811 55.504 0 22.4267 56.7933 0 23.1681 58.0147 0 
24.0276 59.156 0 24.9969 60.2058 0 26.0661 61.1535 0 
27.2245 61.9898 0 28.4607 62.7063 0 29.7467 63.2538 0 
31.0779 63.6619 0 32.4396 63.9253 0 33.8167 64.0404 0 
65.0987 64.5751 0 66.5381 64.4507 0 67.9564 64.1789 0 
69.3387 63.7623 0 70.6707 63.2046 0 71.9538 62.5532 0 
73.1662 61.7792 0 74.2964 60.8908 0 75.3336 59.8978 0 
76.2682 58.8106 0 77.09 57.6369 0 77.7911 56.3883 0 
78.3643 55.077 0 78.8041 53.7158 0 79.106 52.318 0 
79.2669 50.8974 0 79.2853 49.4681 0 79.161 48.0442 0 
78.8952 46.64 0 78.4906 45.2695 0 77.9512 43.9463 0 
77.2824 42.6835 0 76.4909 41.4939 0 75.5846 40.3893 0 
74.5726 39.3807 0 73.4649 38.4782 0 72.2727 37.6907 0 
71.0078 37.0263 0 69.6829 36.4914 0 68.3112 36.0915 0 
66.9065 35.8305 0 65.4827 35.7111 0 64.0541 35.7344 0 
62.635 35.9002 0 61.2395 36.2069 0 59.8816 36.6513 0 
58.5749 37.2291 0 57.3323 37.9344 0 56.1664 38.7603 0 
55.0888 39.6985 0 54.1102 40.7395 0 53.2404 41.8731 0 
52.4881 43.0878 0 51.8609 44.3715 0 51.365 45.7115 0 
51.0053 47.0943 0 50.7855 48.506 0 50.7076 49.9327 0 
50.7727 51.36 0 50.9798 52.7737 0 51.3271 54.1596 0 
51.811 55.504 0 52.4267 56.7933 0 53.1681 58.0147 0 
54.0276 59.156 0 54.9969 60.2058 0 56.0661 61.1535 0 
57.2245 61.9898 0 58.4607 62.7063 0 59.7467 63.2538 0 
61.0779 63.6619 0 62.4396 63.9253 0 63.8167 64.0404 0 
48 0 0 49 0 0 50 0 0 
51 0 0 48 1 0 49 1 0 
50 1 0 51 1 0 48 2 0 
49 2 0 50 2 0 51 2 0 
48 3 0 49 3 0 50 3 0 
51 3 0 48 4 0 49 4 0 
50 4 0 51 4 0 48 5 0 
49 5 0 50 5 0 51 5 0 
48 6 0 49 6 0 50 6 0 
51 6 0 48 7 0 49 7 0 
50 7 0 51 7 0 48 8 0 
49 8 0 50 8 0 51 8 0 
48 9 0 49 9 0 50 9 0 
51 9 0 48 10 0 49 10 0 
50 10 0 51 10 0 48 11 0 
49 11 0 50 11 0 51 11 0 
48 12 0 49 12 0 50 12 0 
51 12 0 48 13 0 49 13 0 
50 13 0 51 13 0 48 14 0 
49 14 0 50 14 0 51 14 0 
48 15 0 49 15 0 50 15 0 
51 15 0 48 16 0 49 16 0 
50 16 0 51 16 0 48 17 0 
49 17 0 50 17 0 51 17 0 
48 18 0 49 18 0 50 18 0 
51 18 0 48 19 0 49 19 0 
50 19 0 51 19 0 48 20 0 
49 20 0 50 20 0 51 20 0 
48 21 0 49 21 0 50 21 0 
51 21 0 48 22 0 49 22 0 
50 22 0 51 22 0 48 23 0 
49 23 0 50 23 0 51 23 0 
48 24 0 49 24 0 50 24 0 
51 24 0 48 25 0 49 25 0 
50 25 0 51 25 0 48 26 0 
49 26 0 50 26 0 51 26 0 
48 27 0 49 27 0 50 27 0 
51 27 0 48 28 0 49 28 0 
50 28 0 51 28 0 49 29 0 
50 29 0 49 30 0 50 30 0 
49 31 0 50 31 0 48 32 0 
49 32 0 50 32 0 51 32 0 
49 33 0 50 33 0 49 34 0 
50 34 0 49 35 0 50 35 0 
49 36 0 50 36 0 49 37 0 
50 37 0 49 38 0 50 38 0 
49 39 0 50 39 0 49 40 0 
50 40 0 49 41 0 50 41 0 
49 42 0 50 42 0 49 43 0 
50 43 0 49 44 0 50 44 0 
49 45 0 50 45 0 49 46 0 
50 46 0 49 47 0 50 47 0 
49 48 0 50 48 0 49 49 0 
50 49 0 49 50 0 50 50 0 
49 51 0 50 51 0 49 52 0 
50 52 0 49 53 0 50 53 0 
49 54 0 50 54 0 49 55 0 
50 55 0 49 56 0 50 56 0 
49 57 0 50 57 0 49 58 0 
50 58 0 50 59 0 49 60 0 
50 60 0 49 61 0 50 61 0 
49 62 0 50 62 0 49 63 0 
50 63 0 49 64 0 49 65 0 
48 66 0 49 66 0 50 66 0 
48 67 0 49 67 0 50 67 0 
48 68 0 49 68 0 50 68 0 
48 69 0 49 69 0 50 69 0 
48 70 0 49 70 0 50 70 0 
48 71 0 49 71 0 50 71 0 
48 72 0 49 72 0 50 72 0 
48 73 0 49 73 0 50 73 0 
48 74 0 49 74 0 50 74 0 
51 74 0 48 75 0 49 75 0 
50 75 0 51 75 0 48 76 0 
49 76 0 50 76 0 51 76 0 
48 77 0 49 77 0 50 77 0 
51 77 0 48 78 0 49 78 0 
50 78 0 51 78 0 48 79 0 
49 79 0 50 79 0 51 79 0 
48 80 0 49 80 0 50 80 0 
51 80 0 48 81 0 49 81 0 
50 81 0 51 81 0 48 82 0 
49 82 0 50 82 0 51 82 0 
48 83 0 49 83 0 50 83 0 
51 83 0 48 84 0 49 84 0 
50 84 0 51 84 0 48 85 0 
49 85 0 50 85 0 51 85 0 
48 86 0 49 86 0 50 86 0 
51 86 0 48 87 0 49 87 0 
50 87 0 51 87 0 48 88 0 
49 88 0 50 88 0 51 88 0 
48 89 0 49 89 0 50 89 0 
51 89 0 48 90 0 49 90 0 
50 90 0 51 90 0 48 91 0 
49 91 0 50 91 0 51 91 0 
48 92 0 49 92 0 50 92 0 
51 92 0 48 93 0 49 93 0 
50 93 0 51 93 0 48 94 0 
49 94 0 50 94 0 51 94 0 
48 95 0 49 95 0 50 95 0 
51 95 0 48 96 0 49 96 0 
50 96 0 51 96 0 48 97 0 
49 97 0 50 97 0 51 97 0 
48 98 0 49 98 0 50 98 0 
51 98 0 48 99 0 49 99 0 
50 99 0 51 99 0 50.3773 59.9751 5 
51.2608 59.9645 5 52.1371 59.9446 5 53.005 59.9153 5 
53.8628 59.8767 5 54.7656 59.8306 5 55.6666 59.7752 5 
56.5659 59.7105 5 57.4636 59.6365 5 58.36 59.5534 5 
59.2499 59.461 5 60.1323 59.3593 5 61.0061 59.2485 5 
61.8702 59.1287 5 62.7232 58.9998 5 63.564 58.8622 5 
64.3919 58.7158 5 65.2058 58.5608 5 66.0048 58.3973 5 
66.7882 58.2256 5 67.5551 58.0458 5 68.3048 57.858 5 
69.0364 57.6625 5 69.7493 57.4594 5 70.4427 57.2489 5 
71.116 57.0313 5 71.7684 56.8068 5 72.3994 56.5755 5 
73.0083 56.3378 5 73.5944 56.0937 5 74.1573 55.8437 5 
74.6964 55.5879 5 75.211 55.3266 5 75.7008 55.06 5 
76.1653 54.7884 5 76.6039 54.5121 5 77.0163 54.2314 5 
77.402 53.9464 5 77.7606 53.6576 5 78.0919 53.3651 5 
78.3954 53.0693 5 78.671 52.7705 5 78.9182 52.469 5 
79.1369 52.165 5 79.3268 51.8589 5 79.4878 51.5509 5 
79.6197 51.2414 5 79.7224 50.9307 5 79.7958 50.619 5 
79.8397 50.3068 5 79.8542 49.9942 5 79.8392 49.6816 5 
79.7948 49.3694 5 79.721 49.0577 5 79.6178 48.747 5 
79.4854 48.4376 5 79.324 48.1296 5 79.1336 47.8235 5 
78.9144 47.5196 5 78.6667 47.2181 5 78.3907 46.9193 5 
78.0867 46.6236 5 77.755 46.3312 5 77.3959 46.0424 5 
77.0097 45.7575 5 76.5969 45.4768 5 76.1579 45.2006 5 
75.693 44.9291 5 75.2028 44.6626 5 74.6877 44.4014 5 
74.1483 44.1457 5 73.585 43.8957 5 72.9985 43.6518 5 
72.3892 43.4141 5 71.7579 43.183 5 71.105 42.9586 5 
70.4314 42.7411 5 69.7376 42.5307 5 69.0243 42.3278 5 
68.2923 42.1324 5 67.5422 41.9448 5 66.7748 41.7651 5 
65.9908 41.5935 5 65.1911 41.4303 5 64.3763 41.2754 5 
63.5474 41.1292 5 62.7051 40.9918 5 61.8503 40.8632 5 
60.9838 40.7436 5 60.1064 40.6332 5 59.2191 40.532 5 
58.3226 40.4402 5 57.418 40.3578 5 56.506 40.2849 5 
55.5876 40.2216 5 54.6637 40.1679 5 53.7353 40.1239 5 
52.8031 40.0897 5 51.8681 40.0653 5 50.9313 40.0506 5 
49.9936 40.0458 5 49.0559 40.0508 5 48.1192 40.0656 5 
47.1843 40.0902 5 46.2522 40.1246 5 45.3237 40.1687 5 
44.3999 40.2225 5 43.4816 40.286 5 42.5698 40.3591 5 
41.6653 40.4416 5 40.769 40.5336 5 39.8818 40.635 5 
39.0046 40.7455 5 38.1383 40.8652 5 37.2836 40.9939 5 
36.4416 41.1316 5 35.6129 41.2779 5 34.7984 41.4329 5 
33.9989 41.5963 5 33.2152 41.768 5 32.448 41.9478 5 
31.6982 42.1355 5 30.9665 42.331 5 30.2535 42.5341 5 
29.56 42.7446 5 28.8867 42.9622 5 28.2343 43.1867 5 
27.6033 43.418 5 26.9944 43.6558 5 26.4082 43.8998 5 
25.8453 44.1498 5 25.3063 44.4056 5 24.7916 44.6669 5 
24.3018 44.9335 5 23.8374 45.2051 5 23.3987 45.4814 5 
22.9864 45.7622 5 22.6007 46.0471 5 22.242 46.3359 5 
21.9107 46.6284 5 21.6072 46.9242 5 21.3317 47.223 5 
21.0844 47.5245 5 20.8657 47.8285 5 20.6758 48.1346 5 
20.5148 48.4426 5 20.3829 48.7521 5 20.2802 49.0628 5 
20.2069 49.3745 5 20.1629 49.6867 5 20.1485 49.9993 5 
20.1634 50.3119 5 20.2078 50.6241 5 20.2817 50.9358 5 
20.3848 51.2465 5 20.5172 51.556 5 20.6787 51.8639 5 
20.8691 52.17 5 21.0882 52.4739 5 21.3359 52.7754 5 
21.6119 53.0742 5 21.9159 53.3699 5 22.2476 53.6623 5 
22.6068 53.9511 5 22.9929 54.236 5 23.4057 54.5167 5 
23.8447 54.7929 5 24.3096 55.0644 5 24.7998 55.3309 5 
25.3149 55.5921 5 25.8543 55.8479 5 26.4176 56.0978 5 
27.0042 56.3417 5 27.6134 56.5794 5 28.2448 56.8105 5 
28.8976 57.035 5 29.5712 57.2524 5 30.265 57.4628 5 
30.9783 57.6657 5 31.7103 57.8611 5 32.4604 58.0487 5 
33.2279 58.2284 5 34.0118 58.4 5 34.8116 58.5633 5 
35.6263 58.7181 5 36.4552 58.8643 5 37.2975 59.0017 5 
38.1524 59.1303 5 39.0189 59.2499 5 39.8962 59.3603 5 
40.7836 59.4615 5 41.68 59.5533 5 42.5846 59.6357 5 
43.4966 59.7086 5 44.415 59.7719 5 45.3389 59.8256 5 
46.2674 59.8696 5 47.1429 59.9021 5 48.0098 59.9251 5 
48.8653 59.9387 5 49.7068 59.9428 5 
POLYGONS 504 2016
3 0 630 1 
3 1 630 632 
3 630 1 632 
3 632 1 2 
3 1 632 2 
3 2 632 633 
3 632 2 633 
3 633 2 3 
3 2 633 3 
3 3 633 635 
3 633 3 635 
3 635 3 4 
3 3 635 4 
3 4 635 636 
3 635 4 636 
3 636 4 5 
3 4 636 5 
3 5 636 637 
3 636 5 637 
3 637 5 6 
3 5 637 6 
3 6 637 638 
3 637 6 638 
3 638 6 7 
3 6 638 7 
3 7 638 640 
3 638 7 640 
3 640 7 8 
3 7 640 8 
3 8 640 641 
3 640 8 641 
3 641 8 9 
3 8 641 9 
3 9 641 642 
3 641 9 642 
3 642 9 10 
3 9 642 10 
3 10 642 643 
3 642 10 643 
3 643 10 11 
3 10 643 11 
3 11 643 443 
3 643 11 443 
3 443 11 12 
3 11 443 12 
3 12 443 444 
3 443 12 444 
3 444 12 13 
3 12 444 13 
3 13 444 444 
3 444 13 444 
3 444 13 14 
3 13 444 14 
3 14 444 445 
3 444 14 445 
3 445 14 15 
3 14 445 15 
3 15 445 445 
3 445 15 445 
3 445 15 16 
3 15 445 16 
3 16 445 541 
3 445 16 541 
3 541 16 17 
3 16 541 17 
3 17 541 541 
3 541 17 541 
3 541 17 18 
3 17 541 18 
3 18 541 541 
3 541 18 541 
3 541 18 19 
3 18 541 19 
3 19 541 542 
3 541 19 542 
3 542 19 20 
3 19 542 20 
3 20 542 542 
3 542 20 542 
3 542 20 21 
3 20 542 21 
3 21 542 543 
3 542 21 543 
3 543 21 22 
3 21 543 22 
3 22 543 544 
3 543 22 544 
3 544 22 23 
3 22 544 23 
3 23 544 544 
3 544 23 544 
3 544 23 24 
3 23 544 24 
3 24 544 546 
3 544 24 546 
3 546 24 25 
3 24 546 25 
3 25 546 547 
3 546 25 547 
3 547 25 26 
3 25 547 26 
3 26 547 548 
3 547 26 548 
3 548 26 27 
3 26 548 27 
3 27 548 549 
3 548 27 549 
3 549 27 28 
3 27 549 28 
3 28 549 551 
3 549 28 551 
3 551 28 29 
3 28 551 29 
3 29 551 552 
3 551 29 552 
3 552 29 30 
3 29 552 30 
3 30 552 554 
3 552 30 554 
3 554 30 31 
3 30 554 31 
3 31 554 556 
3 554 31 556 
3 556 31 32 
3 31 556 32 
3 32 556 557 
3 556 32 557 
3 557 32 33 
3 32 557 33 
3 33 557 559 
3 557 33 559 
3 559 33 34 
3 33 559 34 
3 34 559 561 
3 559 34 561 
3 561 34 35 
3 34 561 35 
3 35 561 563 
3 561 35 563 
3 563 35 36 
3 35 563 36 
3 36 563 565 
3 563 36 565 
3 565 36 37 
3 36 565 37 
3 37 565 567 
3 565 37 567 
3 567 37 38 
3 37 567 38 
3 38 567 569 
3 567 38 569 
3 569 38 39 
3 38 569 39 
3 39 569 572 
3 569 39 572 
3 572 39 40 
3 39 572 40 
3 40 572 574 
3 572 40 574 
3 574 40 41 
3 40 574 41 
3 41 574 576 
3 574 41 576 
3 576 41 42 
3 41 576 42 
3 42 576 578 
3 576 42 578 
3 578 42 43 
3 42 578 43 
3 43 578 580 
3 578 43 580 
3 580 43 44 
3 43 580 44 
3 44 580 583 
3 580 44 583 
3 583 44 45 
3 44 583 45 
3 45 583 585 
3 583 45 585 
3 585 45 46 
3 45 585 46 
3 46 585 588 
3 585 46 588 
3 588 46 47 
3 46 588 47 
3 47 588 591 
3 588 47 591 
3 591 47 48 
3 47 591 48 
3 48 591 596 
3 591 48 596 
3 596 48 49 
3 48 596 49 
3 49 596 600 
3 596 49 600 
3 600 49 50 
3 49 600 50 
3 50 600 603 
3 600 50 603 
3 603 50 51 
3 50 603 51 
3 51 603 606 
3 603 51 606 
3 606 51 52 
3 51 606 52 
3 52 606 609 
3 606 52 609 
3 609 52 53 
3 52 609 53 
3 53 609 611 
3 609 53 611 
3 611 53 54 
3 53 611 54 
3 54 611 613 
3 611 54 613 
3 613 54 55 
3 54 613 55 
3 55 613 616 
3 613 55 616 
3 616 55 56 
3 55 616 56 
3 56 616 618 
3 616 56 618 
3 618 56 57 
3 56 618 57 
3 57 618 620 
3 618 57 620 
3 620 57 58 
3 57 620 58 
3 58 620 622 
3 620 58 622 
3 622 58 59 
3 58 622 59 
3 59 622 624 
3 622 59 624 
3 624 59 60 
3 59 624 60 
3 60 624 625 
3 624 60 625 
3 625 60 61 
3 60 625 61 
3 61 625 627 
3 625 61 627 
3 627 61 62 
3 61 627 62 
3 62 627 629 
3 627 62 629 
3 629 62 0 
3 62 629 0 
3 0 629 630 
3 629 0 630 
3 630 0 1 
3 63 457 64 
3 64 457 459 
3 457 64 459 
3 459 64 65 
3 64 459 65 
3 65 459 461 
3 459 65 461 
3 461 65 66 
3 65 461 66 
3 66 461 463 
3 461 66 463 
3 463 66 67 
3 66 463 67 
3 67 463 465 
3 463 67 465 
3 465 67 68 
3 67 465 68 
3 68 465 467 
3 465 68 467 
3 467 68 69 
3 68 467 69 
3 69 467 469 
3 467 69 469 
3 469 69 70 
3 69 469 70 
3 70 469 471 
3 469 70 471 
3 471 70 71 
3 70 471 71 
3 71 471 473 
3 471 71 473 
3 473 71 72 
3 71 473 72 
3 72 473 476 
3 473 72 476 
3 476 72 73 
3 72 476 73 
3 73 476 478 
3 476 73 478 
3 478 73 74 
3 73 478 74 
3 74 478 480 
3 478 74 480 
3 480 74 75 
3 74 480 75 
3 75 480 483 
3 480 75 483 
3 483 75 76 
3 75 483 76 
3 76 483 485 
3 483 76 485 
3 485 76 77 
3 76 485 77 
3 77 485 488 
3 485 77 488 
3 488 77 78 
3 77 488 78 
3 78 488 492 
3 488 78 492 
3 492 78 79 
3 78 492 79 
3 79 492 495 
3 492 79 495 
3 495 79 80 
3 79 495 80 
3 80 495 499 
3 495 80 499 
3 499 80 81 
3 80 499 81 
3 81 499 502 
3 499 81 502 
3 502 81 82 
3 81 502 82 
3 82 502 504 
3 502 82 504 
3 504 82 83 
3 82 504 83 
3 83 504 506 
3 504 83 506 
3 506 83 84 
3 83 506 84 
3 84 506 508 
3 506 84 508 
3 508 84 85 
3 84 508 85 
3 85 508 510 
3 508 85 510 
3 510 85 86 
3 85 510 86 
3 86 510 513 
3 510 86 513 
3 513 86 87 
3 86 513 87 
3 87 513 515 
3 513 87 515 
3 515 87 88 
3 87 515 88 
3 88 515 517 
3 515 88 517 
3 517 88 89 
3 88 517 89 
3 89 517 519 
3 517 89 519 
3 519 89 90 
3 89 519 90 
3 90 519 521 
3 519 90 521 
3 521 90 91 
3 90 521 91 
3 91 521 523 
3 521 91 523 
3 523 91 92 
3 91 523 92 
3 92 523 524 
3 523 92 524 
3 524 92 93 
3 92 524 93 
3 93 524 526 
3 524 93 526 
3 526 93 94 
3 93 526 94 
3 94 526 527 
3 526 94 527 
3 527 94 95 
3 94 527 95 
3 95 527 529 
3 527 95 529 
3 529 95 96 
3 95 529 96 
3 96 529 531 
3 529 96 531 
3 531 96 97 
3 96 531 97 
3 97 531 532 
3 531 97 532 
3 532 97 98 
3 97 532 98 
3 98 532 534 
3 532 98 534 
3 534 98 99 
3 98 534 99 
3 99 534 535 
3 534 99 535 
3 535 99 100 
3 99 535 100 
3 100 535 536 
3 535 100 536 
3 536 100 101 
3 100 536 101 
3 101 536 538 
3 536 101 538 
3 538 101 102 
3 101 538 102 
3 102 538 539 
3 538 102 539 
3 539 102 103 
3 102 539 103 
3 103 539 540 
3 539 103 540 
3 540 103 104 
3 103 540 104 
3 104 540 541 
3 540 104 541 
3 541 104 105 
3 104 541 105 
3 105 541 542 
3 541 105 542 
3 542 105 106 
3 105 542 106 
3 106 542 543 
3 542 106 543 
3 543 106 107 
3 106 543 107 
3 107 543 543 
3 543 107 543 
3 543 107 108 
3 107 543 108 
3 108 543 544 
3 543 108 544 
3 544 108 109 
3 108 544 109 
3 109 544 544 
3 544 109 544 
3 544 109 110 
3 109 544 110 
3 110 544 642 
3 544 110 642 
3 642 110 111 
3 110 642 111 
3 111 642 642 
3 642 111 642 
3 642 111 112 
3 111 642 112 
3 112 642 642 
3 642 112 642 
3 642 112 113 
3 112 642 113 
3 113 642 642 
3 642 113 642 
3 642 113 114 
3 113 642 114 
3 114 642 643 
3 642 114 643 
3 643 114 115 
3 114 643 115 
3 115 643 643 
3 643 115 643 
3 643 115 116 
3 115 643 116 
3 116 643 443 
3 643 116 443 
3 443 116 117 
3 116 443 117 
3 117 443 444 
3 443 117 444 
3 444 117 118 
3 117 444 118 
3 118 444 445 
3 444 118 445 
3 445 118 119 
3 118 445 119 
3 119 445 447 
3 445 119 447 
3 447 119 120 
3 119 447 120 
3 120 447 448 
3 447 120 448 
3 448 120 121 
3 120 448 121 
3 121 448 449 
3 448 121 449 
3 449 121 122 
3 121 449 122 
3 122 449 451 
3 449 122 451 
3 451 122 123 
3 122 451 123 
3 123 451 452 
3 451 123 452 
3 452 123 124 
3 123 452 124 
3 124 452 454 
3 452 124 454 
3 454 124 125 
3 124 454 125 
3 125 454 455 
3 454 125 455 
3 455 125 63 
3 125 455 63 
3 63 455 457 
3 455 63 457 
3 457 63 64 

